# Color pallet



palette1 <- c("#d64388", "#40c1ac", "#7d55c7", "#50bee8", "#ffb500",
            "#2d68c4", "#d14124", "#ea7600", "#78aa00", "#576478",
            "#1a476f", "#7b3f00", "#55752f", "#bdb76b", "#bfa19c",
            "#b00000", "#63264a", "#a38000", "#00779a", "#e07b00")

palette2 <- c("#6E6157", "#BCBAAD", "#A5A63A", "#ABC340", "#12575F",
            "#84A49A", "#657790", "#8FADCC", "#9DCECE", "#258EC6",
            "#004570", "#3F8AA3", "#DD6338", "#ECC968", "#CE8734",
            "#DF8E92", "#BC2374", "#7B5C9D", "#4B2974", "#C82424",
            "#76191C", "#060001", "#7A7F83")


colors <- c("#2bb594","#15cddc","#31a7b7","#4276b3","#714ca3",
            "#b74fa2","#f04f99","#ff4b48","#ff733f","#ff9936",
            "#037171","#03312e","#0e0f19","#89608e","#e9d6ec",
            "#b2d3a8","#ede5a6","#36f1cd","#3bc14a","#c47ac0")